190369
190370
190371
190372
190373
190374
190375
190376
190377
190378
190379
190380
190381
6636
6637
6638
6639
6640
6641
63170
63171
63172
63173
63174
63175
63176
63177
63178
63179
63180
307008
307009
307010
307011
307012
307013
307014
307015
307016
307017
307018
307019
307020
307021
307022
250174
250175
250176
250177
250178
250179
250180
50680
50681
50682
50683
50684
50685
50686
50687
50688
50689
50690
209083
209084
209085
209086
209087
209088
209089
209090
209091
209092
209093
209094
209095
209096
209097
209098
