0
0
0
0
0
0
0
0
0
0
20.9934
146.502
1411.63
2333.47
3309.18
3309.18
3309.18
3354.79
3335.4
3353.91
3291.03
3386.75
3407.28
3420.34
3420.34
3461.43
3414.88
3384.7
3446.61
3429.06
3641.76
3641.76
3398.88
3542.4
3542.4
3505.45
3554.5
3381.86
3409.64
3524.79
3472.09
3484.66
3512.63
3493.53
3500.04
3488.12
3554.15
3742.54
3490.14
3650.9
3571
3497.82
3483.88
3480.88
3529.1
3464.35
3438.11
3511.23
3486.36
3515.62
3398.73
3280.78
3299.06
3400.93
3435.7
3232.27
3223.49
3283.05
3393.59
3424.7
3344.41
3214.36
3249.22
3221.5
3164.04
3253.97
3253.97
3304.92
3169.93
3206.07
3235.96
3262.09
3266.17
3279.91
3225.06
3252.02
3228.62
3249.37
3307.3
3274.29
3273.32
3324.83
3245.88
3260.36
3207.43
3265.06
3262.18
3296.16
3281.54
3259.71
3277.15
3268.73
3285.75
3259.48
3286.03
3268.89
3294.65
3287.98
6274.12
6274.12
4437.99
4551.52
4686.57
4551.52
5204.59
5341.29
5061.83
5063.95
5456.05
5469.67
6206.05
7530.86
6257.59
7675.96
7840.3
7237.76
8669.62
8789.18
9108.93
9106.17
9209.08
10226.5
9493.15
9909.74
9584.94
9426.33
10025.6
9104.18
9923.63
9797.36
9847.26
9795.15
10112.5
9732.28
9492.78
9288.29
10226.6
9521.82
9710.37
9444.46
9221.25
9981.49
9257.95
9941.89
9675.37
9571.15
9733.41
9388.57
10171.9
10230.6
10491.1
10492
10166.3
9930.5
9656.83
9557.2
10220.1
11181
9710.34
10173.8
10063.3
9849.63
10131
10519.2
10245.5
10064
9897.12
9962.11
10395
10298.8
10298.8
10707.7
10372.9
10273.2
10762
10254.9
9944.97
10418.3
10412.6
10856.8
10099.9
10603
10429.9
10317.7
10487.4
10159.7
10202.5
10771.2
10544.2
10259
10734.5
11235.3
10369.3
11084.2
10055.9
10163.8
10504.4
10141.8
10520.1
10082.6
10316.2
10321
10374.9
10409.3
10513
10481.8
10033.8
10681.1
10168.2
10525.6
10628
9951.81
10605.9
10251.6
10598.9
10561.7
10740.6
10994.6
10471.4
11136.3
10306.2
10050.4
10403.5
10267.2
10309.6
9969.03
10515.3
9944.05
10286.8
9748.94
9890.93
9969.35
11367.1
11630.4
10469.4
9951.26
9796.53
11005.6
10261.5
10504.5
9452.68
10304.9
10411.6
9986.96
9814.44
9951.65
10471
10434.3
9743.18
10026
10238.1
10071.2
9907.71
10144.7
9926.27
10110
10158.7
10266.8
10142
9982.39
10324.9
10278.7
10230.5
10346.2
10212.1
10177.3
9991.9
10423.1
9970.08
9989.79
10118.4
10254.3
10397.3
10694.8
10443.8
10518
10501.8
10061.8
10391.7
9936.93
9744.93
10214.1
9704.59
9857.5
10055.9
9901.4
10186.5
10121.8
10248.7
10182.3
9548.39
9876.62
9635.86
9638.39
10023.4
9844.34
9773.16
10118.5
10005.9
10004.1
10087.8
9816.02
10100.6
9798.75
10185.9
10177.5
9853.41
9175.04
9716.09
10212.4
9760.32
10251.6
10108.1
9590.84
9604.1
9638.29
9328.85
9755.54
10326.8
10314.1
9598.48
10531
10445.1
9987.01
9939.53
10500.9
10918.3
10958.9
9860.56
10542
9624.14
9950.98
10806.4
10081.9
10710.4
10917.1
10724.8
10705.5
10709.4
10031.4
10016.1
10429.8
10003.6
9766.27
9993.74
10521.6
9469.13
9749.9
9986.05
10033.3
9913.56
10348.8
10299.5
10352.3
10480.6
10332.6
10118.7
10149.5
10322.8
10484.2
10039.9
9635.6
11212.5
10179.6
9756.23
9599.59
10617.9
10522.1
10803.9
9123.16
10740.3
10461.1
10459.4
10158.8
10080.1
9850.7
10610
10896.1
10628.5
9878.38
9983.62
9666.63
10666.1
10533
9291.09
9241.36
9779.25
9913.75
9960.74
10695.7
10493.2
9800.81
9471.2
10438.2
9525.63
10385.1
10134.3
10390.3
10378.5
10035
10131.4
10288.9
10097.6
9750.9
10329
10329
10529.5
9980.95
9871.57
9988.22
10049.1
10060.4
9116.77
10411.7
10582.4
10128.9
10007.6
10111.6
10027.4
9245.39
9106.93
9468.96
9579.96
9668.09
9345.18
9527.57
9345.86
9068.33
9520.74
9081.52
9336.91
10610.2
9627.85
9178.93
9652.13
9266.46
8999.23
10415.1
9211.82
9208.15
9924.19
9729.66
11073.7
10043
8938.77
9608.28
9552.09
9126.06
9434.83
9426.6
9223.98
9297.14
9796.06
9359.6
9523.47
9446.87
9190.76
9645.01
9622.12
8969.22
9033.61
8942.14
9918
9362.83
9077.45
9312.59
9185.23
9667.69
9102.28
9253.02
9569.69
9082.65
9776.54
8994.64
10115.2
8925.4
9963.56
9749.51
9725.5
10741.6
9721.86
9632.31
9738.39
10543.9
11591.3
9501
10501.4
9708.45
9554.87
9851.46
9674.98
9919.62
10098.3
9663.24
10184
10155.9
10030.4
9931.77
9765.3
9617.58
9626.71
10097
9871.36
10264.1
10139.3
10587.8
10500.6
10132.6
9940.6
10168.6
10244.3
10175.5
10315.7
9826.05
10333.9
10021.7
9855.92
9656.15
10513.3
10909.6
11058.8
10578.6
9933.45
10064.6
9510.52
10400.5
10499.1
9783.71
10068.2
10300.2
9983.25
9938.09
9849.97
10029.2
10288.5
10288.5
10552.2
10184.4
9680.05
10422.7
10654.5
10698
10633.2
10343.4
10079.1
10345.8
10149.9
10230.6
10385.9
10368.1
10349.3
10370.1
10729.3
10557.7
10402.1
10375.3
10539.8
9562.11
10340.5
10282.9
10737.4
10916.7
10532.6
10383.3
10208.5
10561.9
10416.3
10357.1
10755.4
10539.1
10323.1
10515.4
10112.1
9746.2
10708
10394.7
10510.3
9957.05
10592.7
10289.6
10093.4
10052.5
10404.9
10485
10147.1
10163
10825.7
10501.2
10112.5
10906.6
10608.3
10227.5
10621.3
10860
10987
10882.3
10142.4
10804.8
10413
10586.2
10473.9
10072.6
10303.1
10222.5
10024.8
10106.1
10237
10319.7
10021.8
10518.2
10244.2
10231.3
10419.5
10697.4
10260.3
10504.1
10406.9
10665.8
10219.3
10146.6
10452
10359.8
10242.7
10189.7
10247.2
10190.4
10236.6
10262.1
10390.3
10191.1
10266.6
10664
10042.7
10072.6
9613.19
10272.3
10024.7
10081.9
10198.8
10332.7
10403.2
10508.7
9916.04
9834.67
10016.5
10209.9
10659
9600.64
9751.79
10378.8
10074
10595.3
10638.4
10754.3
10015
10296.7
10554.5
10277.1
10144.2
10115.9
10132.2
10124.1
9627
9850.97
10604
10756.5
11006.6
9723.11
10154.5
9550.88
9873.52
9615.1
10128.9
10778.3
9641.21
10530.1
10062.6
10514.7
10297.8
9489.4
10114.7
9653.19
9860.7
10215
10236.7
10183.4
10262.2
10116.9
9786.2
9788.6
10205.9
10164.9
10207.8
10190.2
10397.2
10203.2
10940.6
10249.9
10258
10278.8
10272.3
10362.7
10139.3
9880.82
10352.1
10428
10602.7
10395.5
10529.7
10385.2
10153.3
10683
10038.4
10533.6
10773.6
10361.4
10234.6
10099.4
9990.41
10010.7
10397.9
10340.1
10485.2
10413.1
10390.2
10281.2
10541.6
10392.3
10391
10144.9
10114.4
10750.4
10350.7
10022.7
10338
10458.6
10410.8
10169.1
10106.6
10316.8
10051.6
10708.4
10775.1
10194.7
9865.07
11035.3
10622.9
10630.4
10550
10438.6
11110.2
11006.3
10465
10256
10769.9
10808.7
10891.9
10473.4
10540.6
10218.9
10685.6
10313.8
10504.6
10468.6
10470.8
10859.1
10282.3
11026
10451.5
10322.4
10638.6
10568
10708.6
10375.3
10395.3
10285.7
10284.4
10600.3
10502.7
10825.1
10437.8
10273.7
10542.4
9782.74
10247.6
10767.2
10767.2
10491.3
10598.4
10062.9
10204.2
10939.8
10207.1
11464.1
10152.7
10241.8
11082.5
10087.5
9674.81
10596.5
10480.5
9933.1
9554.34
11323.6
10714
10997.4
10062.8
10246.9
9379.44
9537.05
10660.3
10202.8
11667.9
10028.7
9281.5
9517.96
10028
9857.74
10067.6
9946.04
9362.11
9991.47
9845.07
9886.87
9611.21
10028.8
10040.9
9804.39
10305.8
9868.33
10104.1
11196.4
10063.1
9748.37
10080.6
9456.29
10098.7
9979.68
10017.7
9644.87
10015.6
10864.6
9763.39
9720.02
10280.1
11194.1
9682.21
9409.81
9887.44
10263.3
10136.9
10104.9
9832.95
10492.4
10390.6
10534.4
9766.55
9944.89
9906.43
11112.8
11112.8
10290
11229.6
10579.5
11044.7
10002.5
10496.3
11179.2
11423.4
11401.6
11147.1
11204.4
11206
11000.7
11183
10734.7
10422.9
10965.9
10937.7
11219.4
11251.5
11359.7
10482.7
10978.5
10945.5
11332.8
11269.7
11493
11283.3
11528.8
11422.1
10907.7
11186.9
11116.2
11377.1
10968.3
11277.1
10377.4
10492.4
11316.9
11006.4
10983.8
11126.8
10913.6
10871
10635.6
10747
10488.1
11622.6
11667.1
10608.4
11068.4
11097.6
11238.3
10923.3
11699.4
11414.5
10997.3
10658.6
11133
11285.6
11107
11051.6
11217.2
11426.2
11313.7
11584.7
11015.9
10840.5
11595.6
10684.6
10260.4
10786
11930.4
11452.6
10878.1
11190.1
11607.3
11236.4
10528.2
11426.3
11870.4
11429.3
11462.2
11537
11471.3
11480
10787.3
11013.3
11457.5
11192.5
10142.6
11820.8
11013.7
11042.1
10878.2
10870.3
11529.2
11096.1
11081.6
11342.9
11342.9
12492.2
11091.6
12492.2
10921.1
10945.5
11383.5
11283.3
11054.5
11396.4
10794.8
10761.9
10239.6
10500.3
11188.2
10640.5
10400
10444.7
10352.1
10897.4
11151.5
10061.9
10460.5
10858.2
11161
11079.8
11600.2
11600.2
10359.4
