0
0
0
0
0
0
0
0
0
0
15.0689
37.0236
631.975
1002.8
1330.93
1446.9
1687.37
1570.99
1842.42
1906.1
2158.94
2188.99
2212.48
2323.82
2312.66
2196.76
2327.85
2274.39
2399.13
2418.45
2369.38
2410
2385.23
2432.88
2438.84
2369.99
2395.37
2495.99
2497.51
2542.69
2597.27
2672.74
2536.78
2604.72
2573.05
2493.88
2572.81
2500.89
2542.75
2532.88
2576.6
2549.11
2431.9
2417.05
2339.47
2337.9
2399.55
2343.57
2425.65
2292.45
2114.48
2198.15
2209.33
2218.35
2447.91
2344.93
2287.84
2129.49
2232.98
2269.59
2392.86
2107.83
2238.83
2221.37
2124.31
2171
2287.68
2352.5
2221.24
2303.83
2325.5
2332.72
2262.71
2335.35
2236.12
2293.41
2186.31
2183.62
2376.4
2402.92
2426.9
2406.27
2511.98
2399.89
2391.51
2438.41
2414.32
2370.25
2365.29
2320.12
2446
2506.76
2443.92
2448.94
2439.9
2399.99
2504.38
2461.05
2428.13
2464.27
2481.92
2392.53
2535.29
2557.42
2765.95
2655.88
2794.26
2968.69
2794.62
2743.9
2884.91
3082.05
2876.75
2761.72
2830.15
2921.81
3271.65
3541.65
3908.97
4490.35
5342.77
4796.23
5007.18
5258.76
5014.33
5403.59
5934.64
5442.29
5863.96
6023.36
6220.93
5752.86
6381.18
5824.41
5565.85
5548
6527.11
5848.68
5772.75
5367.03
5607.84
5836.97
5329.93
5603.85
5682.14
6397.08
5607.15
5127.37
5749.29
6292.61
6589.04
6583.57
6056.06
6271.73
5930.36
6109.86
6779.1
6438.25
6348.82
6784.38
6347.76
6128.95
6684.39
6683.13
6531.78
6170.46
6265.01
6315.06
6904.79
6367.33
7145.44
7256.46
6767.33
7321.5
7270.12
6782.75
6494.19
7086.34
7331.03
6953.66
6886.83
7163.42
7064.82
7095.8
7191.27
7071.23
7029.08
7355.9
7282.07
6621.59
7249.75
7086.75
6807.36
6851.62
6691.22
6582.6
6248.24
7113.42
6626.86
6832.32
6570.02
6640.41
6798.81
6586.04
6570.2
6308.27
6402.85
6020.09
7031.22
6652.5
7016.9
7098.28
7244.68
7045.56
7275.84
6981.31
7638.96
7463
6828.56
7386.46
7097.18
6572.56
6825.21
6780.31
6169.02
5647.43
5754.81
6501.56
6501.26
5947.85
6123.01
6453.24
6584.61
6506.71
6565.13
6326.53
6774.43
6463.41
6760.05
6004.89
6173.77
6692.36
6434.08
6516.94
6664.06
6562.71
6948.44
7094.01
6564.41
6379.78
6791.8
6481.07
6419.06
6513.79
7053.88
6606.52
7246.76
7281.51
7200.14
6940.15
6741.03
7204.18
7297.19
7548.25
7429.67
6581.88
6763.99
6913.25
6611.43
6592.7
6558.92
6816.43
6766.09
6760.19
6558
6327.36
6973.24
6755.78
6932.18
6636.07
6877.29
6350.96
6213.2
6377.75
6646.02
6236.41
6443.4
6289.15
6066.04
5727.4
5529.77
5872.45
6109.38
5892
6433.92
6108.18
6120.2
5791.64
6386.11
6339.64
6541.02
6305.18
6288.66
6386.79
6158.29
6210.28
6192.01
6943.29
7036.56
6803.48
6278.53
6213.01
6513.32
6226.28
6676.27
6710.4
6810.86
7049.24
6799.84
6499.04
6185.33
7388.14
6769.27
7038.42
6540.23
6577.51
6379.79
6553.18
6659.93
6531.16
6454.28
6661.15
6953.94
6268.1
6790.23
7331.08
7074.73
6995.61
6359.54
6744.56
6447.9
6569.66
6495.53
6706.45
7100.39
7247.14
6851.87
6575.68
6696.57
6893.85
7193.61
6610.34
7433.64
6813.65
6644.17
6704.1
6515.5
6457.92
6000.21
6111.26
6081.66
5978.53
6097.14
6334.38
6103.74
6013.71
6143.8
5755.51
5924.87
5534.6
6721.71
6553.39
7054.81
6599.37
6312.95
6081.15
5959
6000.1
6240.47
6375.94
6464.2
6450.5
6448.53
6504.78
6658.94
5702.3
6002.26
5251.95
5242.64
5830.81
5941.45
6051.71
6083.97
5736.51
6080.22
6342.91
5947.49
6060.99
6251.94
6596.48
6596.49
6462.02
6189.1
6250.15
6021.59
5691.25
6232.25
6469.79
6549.52
6273.68
6689.17
6559.79
6090.05
6136.13
6108.15
6000.72
6602.65
6608.82
6329.68
6128.73
6154.41
5789.14
5498.25
6188.18
6138.49
6309.81
6091.69
6163.91
6148.09
6462.68
6392.72
6502.77
6201.86
5710.68
5915.3
5422.7
5561.26
5643.92
5721.84
6104.36
5693.19
6076.67
6004.63
5896.65
5637.83
5803.91
5459.09
5743.15
5707.08
6508.91
6417.8
6056.84
5976.74
5749.07
6418.96
6299.46
6189.9
6561.21
6174.22
6004.94
5810.96
6283.17
5844.81
5946.19
5529.32
5872.47
6108.82
6232.8
6002.15
6248.85
5864.11
6197.44
6354.82
6058.08
6123.45
5672.04
5853.32
5346.44
5989.16
6017.28
5306.13
5531.52
6120.27
6146.64
6657.24
6409.94
6457.31
6613.21
6133.01
6273.57
5982.01
6698.47
6705.01
6777.31
6425.99
6503.12
5476.27
5687.16
6320.41
6337.75
6329.02
6222.96
6535.12
5795.89
6371.76
6431.1
6117.49
6345.13
6406.86
6579.5
6267.31
6404.2
6353.19
6000.1
6551.23
6518.85
6725.22
6301.53
5621.08
6437.98
6304.84
6218.09
5713.82
6297.05
5839.25
6098.04
6185.41
5987.63
6033.93
5652.32
6121.28
6316.08
5849.38
5973.22
6313.17
6752.38
6697.66
6037.4
6115.77
6554
6692.06
6298.97
6615.98
6436.14
6112.69
6569.65
6156.1
6568.74
6567.19
6592.41
7171.63
6513.93
7194.16
7166.1
7285.5
7400.51
7657.31
6791.62
6670.5
6654.29
7321.75
7270.25
7328.3
8018.3
7346.87
6773.69
6515.49
6344.58
6909.88
7011.34
7002.98
6833.75
6451.29
6175.29
6702.39
6762.28
6506.64
7080.48
6754.67
6951.5
6825.53
6925.53
6564.15
6999.42
6848.6
7038.23
7157.91
7182.15
6940.78
6583.26
7253.85
7071.44
7605.86
7034.98
6908.28
7124.37
6934.51
7120.02
6753.17
7080.96
6154.41
6664.49
6395
6307.96
6259.62
5649.7
6770.36
6630.54
6711.85
6258.36
6256.95
6010.16
5951.67
6670.74
6236.65
6756.72
6921.04
7352.39
6975.47
6770.1
6649.86
6285.36
6909.01
6696.19
7046.45
6582.48
7055.32
7026.31
7504.48
6721.65
7449.72
6683.76
7213.85
7001.03
6042.28
6842.94
6737.21
6928.6
7157.42
7048.85
7129.59
7359.33
6902.94
7087.2
6953.6
6717.48
6916.4
6752.56
6744.22
6858.89
6821.17
6573.16
6845.77
6764.75
6271.96
6966.4
7289.2
6175.78
6629.65
6420.68
6356.32
6688.72
6655.79
6575.23
6540.14
6588.78
6325.34
6247.4
6248.21
5543.02
5757.59
6017.39
5491.29
6169.3
6134.8
5401.24
5050.19
5722.44
6081.1
5774.68
5984.63
5792.29
6302.03
6490.35
6705.01
6882.32
6892.26
6804.19
6385.97
6739.11
6403.02
6646.69
6408.18
6959.74
7225.09
6874.29
6975.49
6418.56
6981.05
6521
7384.96
7564.02
7290.33
7364.71
7465.59
7206.25
7362.88
7171.95
7433.51
6916.73
6502.72
7368.65
6352.27
7176.84
7340.56
7354.47
7186.88
6899.53
6731.17
6573.89
6319.08
6545.85
6865.82
6697.39
6839.59
7170.32
6787.41
6603.33
6395.49
6500.39
7225.92
7063.41
6563.74
7396.49
7389.96
6843.46
6451.78
6441.24
6387.82
6823.08
6761.03
6484.67
6665.22
6703.95
6610.83
6548.92
6612.77
6574.8
6841.55
6831.33
6922.08
6988.64
6959.85
6625.26
6616.68
6296.43
6535.15
6899.5
6872.56
6418.89
6086.96
6374.47
6636.85
6784.07
6739.32
6903.76
6941.88
6701.56
6691.68
7080.06
6912.33
6631.48
6985.67
6438.6
6248.66
6536.45
6527.76
6523.5
5895.73
6388.4
6433.05
5570.3
6090.56
5528.61
5745.85
5978.39
5732
5787.93
6371.55
6178.42
5876.73
5592.06
5442.06
6252.37
6025.37
5631.09
6053.55
6139.38
5498.95
5842.04
5802.46
5941.15
5532.37
5877.33
6016.97
6121.9
5820.77
5942.01
6222.38
5873.87
6590.03
6767.15
5687.77
5895.75
5876.08
5217.75
5727.44
5541.91
6058.62
5998.68
5660.52
6191.28
6121.22
5721.78
5819.79
6263.45
6106.72
6293.11
5993.57
5976.95
6101.48
6382.31
5889.95
6075.27
6322.86
6234.08
6212.37
5991.89
5946.67
5986.64
5904.32
5902.96
6251.5
5741.01
5753.93
6300.83
5727.63
6194.67
5700.7
6240.52
6021.77
6711.02
6219.15
5890.77
6136.18
5750.39
6346.71
6365.95
6862.07
6485.18
6400.26
5610.93
6074.53
6649.04
5719.48
5742.43
6464.76
6588.79
7111.48
7079.18
6884.12
6939.32
7167.15
6740.89
7193.55
6435.58
6622.1
6748.03
7132.01
7260.47
6699.77
6615.63
6446.78
6575.04
6477.79
7128.27
7344.85
6975.81
6781.69
7027.41
7040.88
6979.6
6839.95
6564.94
6731.01
6734.62
6547.58
6042.94
6282.83
6500.68
6336.62
6396.03
6181.26
5945.52
6394.15
6026.7
6484.58
6607.08
6942.19
6320.32
6211.13
6496.04
6492.96
6724.98
6090.43
6327.21
6693.69
6490.9
6391.1
6323.6
7418.21
6533.15
7070.34
7554.03
7166.28
6636.75
6693.71
6815.66
6655.83
6119.77
6164.09
5943.26
5559.36
6394.85
6308.38
6327.95
7361.38
7223.28
7115.09
6705.76
7121.72
6788.24
6852.52
7410.48
6634.98
7281.88
7781.22
7116.62
6883.5
6774.76
6935.61
6715.13
6495.42
6615.54
7024.73
6525.5
6337.12
6981.09
6007.07
6378.54
6211.03
6265.21
6555.78
6562.01
6741.61
6676.67
6316.35
6644.41
6759.64
6480.28
6356.69
6010.86
6191.64
5932.49
6036.07
6325.26
6575.96
6611.65
6436.64
6393.9
6470.45
6548.29
6641.25
6728.9
6602.42
6666.6
6398.79
7194.96
6930.68
6581.34
